0 0.237995 0.314366 0.185487 0.248846
0 0.520195 0.112359 0.176202 0.224376
0 0.227519 0.533165 0.162490 0.200573
0 0.491892 0.740216 0.184167 0.251426
0 0.797357 0.437458 0.196358 0.245737
0 0.610075 0.581696 0.162920 0.235122
0 0.689195 0.062902 0.185093 0.125244
0 0.337997 0.122033 0.200678 0.243333
0 0.345444 0.650250 0.157453 0.213666
0 0.432577 0.413085 0.239657 0.322921
0 0.630900 0.314313 0.192741 0.256840
0 0.629661 0.315160 0.189310 0.255961
0 0.339469 0.122156 0.200132 0.243747
0 0.688738 0.062482 0.184396 0.124509
