0 0.289883 0.231050 0.223531 0.345264
0 0.508854 0.790870 0.169091 0.234903
0 0.498644 0.207398 0.205495 0.293674
0 0.365928 0.723318 0.145468 0.179808
0 0.236312 0.640544 0.161345 0.164715
0 0.619202 0.672877 0.166951 0.212724
0 0.214213 0.448529 0.202359 0.258696
0 0.802233 0.559665 0.196966 0.246800
0 0.795087 0.333103 0.204425 0.292877
0 0.695076 0.133434 0.226494 0.266869
0 0.630223 0.449530 0.204252 0.271715
0 0.430831 0.537151 0.242802 0.312515
0 0.429931 0.536691 0.245335 0.313124
0 0.696417 0.133106 0.224289 0.266212
0 0.631192 0.449174 0.205226 0.271067
